549.715 -117.514
549.715 -117.514
550.48 -116.197
557.849 -112.888
574.341 -108.71
582.814 -107.843
591.323 -107.823
608.148 -110.25
616.296 -112.665
632.479 -119.617
640.316 -124.07
649.457 -128.88
658.141 -134.301
673.494 -143.274
678.45 -146.521
698.396 -161.457
709.108 -169.926
719.404 -179.123
743.827 -199.774
764.232 -203.217
793.142 -202.681
858.386 -205.432
892.84 -208.001
958.438 -211.901
988.442 -213.58
1019.18 -216.1
1084.22 -224.131
1119.74 -229.802
1184.05 -236.398
1215.37 -238.823
1246.61 -240.866
1309.89 -244.055
1340.14 -264.751
1354.08 -278.697
1390.04 -304.469
1423.24 -314.155
1460.24 -324.557
1536.03 -345.815
1573.65 -356.176
1647.94 -376.168
1679.37 -382.596
1709.89 -389.281
1745.47 -422.784
1763.15 -441.72
1799.2 -481.613
1817.73 -502.891
1841.82 -516.98
1873.26 -529.375
1904 -540.462
1934.47 -552.228
1965.22 -564.493
2010.14 -593.58
2021.32 -612.223
2044.09 -651.801
2063.85 -671.651
2093.67 -693.104
2149.49 -724.447
2176.66 -740.661
2216.16 -777.312
2225.69 -798.927
2235.4 -821.509
2254.24 -868.481
2258.94 -880.805
2306.63 -939.617
2333.66 -962.968
2347.21 -974.552
2384.04 -1003.47
2406.35 -1021
2414.28 -1055.97
2416.24 -1075.22
2437.87 -1118.73
2459.41 -1144.34
2470.14 -1157.73
2506.98 -1209.58
2509.17 -1243.14
2509.97 -1277.49
2512.27 -1301.17
2533.97 -1347.83
2561.2 -1392.4
2572.64 -1419.35
2571.94 -1443.98
2568.69 -1493.81
2566.53 -1519.19
2567.82 -1586.36
2573.69 -1602.44
2582.35 -1631.81
2579.02 -1655.63
2578.14 -1679.11
2587.04 -1709.19
2611.94 -1777.61
2624.73 -1813.17
2644.2 -1866.42
2664.09 -1920.22
2677.46 -1956.29
2690.58 -2018.96
2686.41 -2044.87
2684.14 -2057.88
2681.76 -2112.64
2691.11 -2147.23
2713.44 -2215.52
2711.89 -2243.23
2706.7 -2270.83
2694.76 -2325.71
2691.51 -2352.28
2698.02 -2383.69
2716.86 -2447.92
2726.61 -2479.98
2736.71 -2512.42
2731.91 -2555.01
2728.9 -2569.29
2732.16 -2597.64
2739.22 -2658.86
2733.04 -2688.05
2717.19 -2727.94
2708.36 -2748.28
2737.35 -2526.36
2677.95 -2811.4
2672.37 -2839.15
2661.69 -2903.84
2649.34 -2930.7
2643.99 -2977.95
2645.23 -3032.91
2646.32 -3069.14
2647.55 -3105.65
2640.59 -3165.64
2628.54 -3187.22
2602.75 -3230.05
2588.91 -3252.36
2574.45 -3274.61
2543.5 -3320.86
2536.05 -3347.67
2529 -3415.39
2526.15 -3449.1
2513.95 -3474.88
2497.86 -3499.43
2482.32 -3546.81
2472.39 -3604.72
2466.14 -3643.71
2453.67 -3721.5
2447.33 -3760.65
2441.02 -3799.98
2413.02 -3840.37
2396.92 -3859.04
2363.01 -3896.66
2344.92 -3915.69
2332.62 -3940.93
2313.2 -4009.4
2304.34 -4043.64
2286.65 -4112.89
2270.62 -4135.62
2251.74 -4156.15
2212.54 -4196.62
2190.09 -4254.21
2180.98 -4286.66
2163.48 -4351.36
2154.89 -4384.31
2145.99 -4417.77
2121.11 -4474.55
2101.63 -4495.7
2061.89 -4537.33
2042.16 -4562.7
2011 -4618.02
2001.68 -4649.27
1985.55 -4676.98
1962.21 -4705.92
1921.82 -4765.46
1908.16 -4809.27
1896.77 -4854.14
1889.62 -4884.35
1593.17 -5516.14
