549.329 -111.93
549.329 -111.93
550.099 -110.62
557.467 -107.309
573.959 -103.127
582.432 -102.258
590.941 -102.236
607.768 -104.658
615.915 -107.072
623.795 -110.246
631.312 -114.193
638.413 -118.855
646.157 -124.175
661.621 -136.55
669.36 -143.527
673.979 -150.362
686.268 -167.767
695.357 -178.088
716.685 -201.351
728.482 -214.339
739.85 -228.022
764.578 -258.224
777.84 -274.786
812.42 -306.975
844.369 -321.293
861.594 -328.73
950.705 -367.34
986.483 -383.085
1018.62 -420.772
1033.07 -441.133
1040.14 -451.584
1067.76 -494.085
1083.15 -514.648
1109.94 -535.014
1172.49 -571.721
1204 -589.874
1235.65 -607.963
1251.32 -627.481
1263.69 -649.042
1275.58 -671
1298.66 -716.39
1309.82 -739.883
1356.67 -783.771
1386.25 -805.731
1415.47 -827.404
1437.93 -871.24
1446.79 -894.325
1471.25 -941.702
1497.01 -968.185
1525.01 -992.903
1551.18 -1029.36
1560.3 -1055
1567.24 -1079.02
1575.3 -1122.1
1578.85 -1144.55
1590.53 -1169.48
1611.54 -1198.66
1660.73 -1260.8
1668.22 -1285.5
1674.62 -1335.54
1676.94 -1360.67
1687.09 -1387.36
1711.03 -1443.65
1712.29 -1469.14
1713.14 -1494.9
1721.29 -1548.48
1737.45 -1580.88
1773.7 -1644.77
1777.45 -1671.97
1777.6 -1699.32
1776.19 -1753.94
1773.5 -1810.67
1778.46 -1841.59
1805.5 -1913.75
1820.42 -1950.38
1820.54 -1974.41
1812.21 -2022.46
1807.32 -2047.68
1819.74 -2110.1
1830.72 -2147.07
1842.21 -2184.76
1863.91 -2261.14
1861.55 -2288.16
1849.71 -2339.73
1842.93 -2365.51
1835.88 -2392.25
1828.2 -2419.11
1829.15 -2447.01
1836.08 -2480.47
1851 -2552.01
1846.47 -2578.83
1838.38 -2604.64
1820.71 -2656.23
1819.85 -2684.26
1824.68 -2718.63
1836.45 -2787.3
1834.55 -2819.21
1821.35 -2879.02
1811.42 -2905.83
1812.03 -2951.16
1819.21 -3002.43
1824.35 -3036.1
1808.49 -3091.39
1798.09 -3118.72
1787.19 -3145.75
1789.34 -3206.86
1798.04 -3272.27
1791.67 -3299.69
1770 -3353.93
1758.49 -3380.68
1757.71 -3425.27
1762.58 -3474.67
1766.26 -3507.42
1748.13 -3562.92
1736.98 -3591.43
1725.56 -3619.87
1726.54 -3681.24
1729.64 -3713.64
1726.07 -3773.72
1714.46 -3801.83
1702.39 -3829.62
1688.76 -3901.46
1690.04 -3917.59
1692.81 -3949.55
1688.89 -4009.12
1676.96 -4037.56
1664.64 -4065.68
1651.87 -4093.47
1650.57 -4137.63
1654.4 -4185.28
1644.34 -4258.96
1638.27 -4273.21
1625.71 -4301.44
1610.26 -4342.61
1612.62 -4389.38
1615.22 -4420.73
1611.27 -4479.59
1592.76 -4522.45
1579.99 -4550.59
1551.22 -4638.19
1553.37 -4668.39
1555.98 -4698.5
1559.06 -4728.51
1546.81 -4795.78
1534.73 -4825.78
1521.96 -4855.03
1522.64 -4914.84
1525.64 -4945.9
1522.66 -5004.62
1457.08 -5359.28
