549.779 -118.633
549.779 -118.633
549.628 -118.537
553.945 -115.714
570.237 -110.722
578.654 -109.45
587.153 -109.011
604.077 -110.622
612.335 -112.644
620.362 -115.437
628.074 -118.996
643.282 -128.243
650.604 -133.77
667.271 -146.467
676.737 -153.654
685.777 -161.436
706.119 -179.302
717.472 -189.345
734.808 -205.818
753.495 -224.162
767.346 -237.566
780.796 -251.718
810.807 -282.92
834.143 -295.868
904.396 -318.966
942.061 -331.062
979.893 -343.494
1055.2 -367.747
1092.13 -379.384
1130.77 -414.593
1148.71 -433.854
1166.32 -453.739
1190.24 -468.136
1239.52 -487.066
1036.85 -361.946
1321.46 -515.761
1371.55 -532.982
1407.29 -545.837
1443.76 -559.127
1502.18 -590.869
1521.29 -611.236
1559.19 -653.333
1578.68 -675.221
1598.01 -697.804
1652.52 -723.846
1669.38 -740.065
1697.06 -780.141
1710.8 -801.193
1727.67 -824.286
1736.28 -836.518
1754.58 -857.52
1796.23 -880.276
1854.8 -911.479
1869.34 -919.48
1898.25 -935.65
1928.87 -971.311
1937.43 -991.272
1945.85 -1011.94
1990.37 -1056.26
2018.48 -1077.2
2072.89 -1119.23
2099.89 -1140.7
2109.76 -1160.67
2123.2 -1205.24
2129.91 -1229.06
2143.85 -1279.91
2158.69 -1303.89
2182.31 -1330.28
2235.96 -1393.08
2237.87 -1404.08
2245.58 -1451.82
2249.72 -1478.18
2254.24 -1505.82
2258.32 -1533.9
2269.63 -1562.18
2309.79 -1622.4
2329.89 -1651.23
2369.47 -1709.77
2372.95 -1732.35
2372.36 -1755.04
2369.94 -1801.72
2375.58 -1829.45
2389.19 -1863.3
2414.14 -1915.81
2424.64 -1959.98
2420.72 -1995.94
2416.8 -2018.39
2420.08 -2045.58
2439.9 -2114.38
2447.2 -2149.14
2440.2 -2203.82
2435.37 -2231.3
2430.01 -2258.79
2433.34 -2286.47
2443.25 -2319.17
2469.13 -2410.48
2474.4 -2429.61
2482.67 -2493.63
2476.26 -2517.82
2469.42 -2542.29
2461.63 -2594.85
2467.44 -2630.12
2482.69 -2701.58
2478.32 -2728.81
2470.32 -2755.21
2452.33 -2801.66
2442.73 -2826.82
2430.42 -2864.73
2433.75 -2914.2
2437.98 -2948.33
2447.06 -3016.64
2452 -3051.19
2445.76 -3078.59
2435.71 -3105.37
2414.16 -3148.22
2407.92 -3176
2405.91 -3212.65
2407.13 -3289.67
2408 -3327.98
2399.74 -3391.72
2387.51 -3415.19
2374.61 -3438.83
2357.92 -3474.36
2355.03 -3506.5
2353.37 -3560.89
2341.8 -3623.79
2334.93 -3636.31
2302.44 -3698.05
2300.44 -3713.21
2298.74 -3747.01
2297.02 -3813.98
2289.61 -3886.26
2277.91 -3911.67
2249 -3958.78
2233.85 -3982.08
2226.89 -4008.97
2221.21 -4077.09
2218.99 -4111.04
2210.83 -4193.27
2203.82 -4205.34
2188.77 -4229.32
2149.16 -4289.56
2140.72 -4301.8
2115.2 -4353.66
2217.91 -4128.11
2106.78 -4420.25
2100.68 -4485.17
2093.5 -4531.21
2165.33 -4265.43
2053.35 -4590.77
2036.33 -4614.15
2000.76 -4661.98
1992.31 -4688.86
1987.3 -4720.98
1678.51 -5487.97
