-2842.06 1403.21
-2842.06 1403.21
-2842.06 1403.21
-2847.38 1400.39
-2849.35 1397.94
-2852.02 1395.77
-2853.2 1398.68
-2853.85 1402.92
-2854.55 1415.63
-2853.96 1424.13
-2852.58 1432.53
-2851.57 1436.66
-2847.42 1448.71
-2845.65 1452.57
-2843.69 1456.34
-2839.22 1463.55
-2834.06 1470.3
-2825.12 1479.39
-2821.82 1482.1
-2814.86 1487.02
-2811.21 1489.21
-2803.59 1493.05
-2795.64 1496.12
-2791.56 1497.36
-2783.25 1499.23
-2779.04 1499.87
-2766.29 1500.5
-2757.69 1499.93
-2749.14 1498.63
-2744.35 1497.87
-2735.23 1495.95
-2731.36 1494.6
-2723.69 1490.95
-2715.47 1486.72
-2705.75 1482.36
-2699.59 1480.41
-2686.53 1476.17
-2679.65 1474
-2651.46 1468.56
-2629.94 1464.75
-2620.57 1462.2
-2600.88 1456.94
-2591.02 1454.04
-2559.96 1444.63
-2549.16 1441.27
-2527.35 1433.96
-2504.84 1426.13
-2469.93 1415.39
-2454.27 1415.01
-2418.16 1417.98
-2399.49 1420.66
-2362.25 1425.94
-2343.59 1428.74
-2309.84 1430.22
-2294.56 1425.98
-2247.97 1412.42
-2219.39 1402.56
-2207.4 1397.61
-2183.3 1387.37
-2146.63 1370.95
-2121.16 1362.18
-2105.35 1360.8
-2087.93 1360.74
-2052.91 1362.77
-2021.63 1361.44
-1995.38 1349.93
-1982.43 1343.88
-1956.58 1331.46
-1943.97 1328.78
-1894.92 1329.24
-1878.13 1330.26
-1844.21 1331.96
-1826.56 1332.78
-1760.05 1338.26
-1727.7 1341.52
-1711.47 1343.39
-1697.62 1341.53
-1669.79 1330.62
-1628.34 1312.86
-1595.48 1303.54
-1561.44 1299.21
-1529.89 1301.95
-1514.44 1301.25
-1480.08 1292.92
-1454.34 1276.24
-1447.04 1270.47
-1432.75 1258.45
-1425.4 1252.19
-1410.87 1239.12
-1388.14 1218.09
-1380.2 1210.6
-1364.41 1195.12
-1354.46 1189.05
-1307.67 1175.2
-1290.66 1170.99
-1256.42 1162.39
-1222 1153.39
-1204.71 1148.79
-1152.34 1133.97
-1115.24 1122.74
-1099.23 1119.25
-1069.39 1113.23
-1054.44 1110.35
-1009.8 1100.13
-994.781 1092.41
-963.262 1072.4
-946.871 1061.22
-901.991 1051.3
-871.268 1046.63
-855.951 1044.51
-840.339 1042.21
-808.729 1037.92
-776.653 1033.71
-747.475 1026.89
-708.866 1001.22
-694.14 991.727
-652.162 976.182
-638.082 974.997
-595.612 972.284
-581.098 971.31
-551.707 969.391
-538.917 965.742
-510.579 950.516
-482.012 932.942
-453.531 915.379
-425.77 902.461
-411.217 901.443
-366.984 899.414
-352.27 898.953
-324.541 895.313
-310.672 888.858
-283.123 872.523
-242.321 847.437
-228.544 838.797
-195.969 823.628
-177.429 816.716
-159.007 809.672
-98.1983 804.828
-83.0945 804.233
-56.6001 793.854
-42.629 785.489
-1.18251 760.042
11.9972 755.636
43.5976 752.267
64.5542 741.381
74.0515 733.891
110.893 702.677
120.139 694.519
138.579 677.692
138.579 677.692
198.197 655.217
234.159 646.233
252.13 641.747
270.142 637.359
288.04 633.023
329.739 599.563
339.271 590.41
349.244 581.065
369.252 561.896
394.62 549.012
421.6 537.18
437.305 519.588
445.01 510.425
452.597 501.201
476.245 472.286
484.44 462.265
500.584 441.425
516.978 420.098
525.032 409.23
550.364 375.298
560.168 366.741
588.339 350.421
603.923 342.702
634.839 327.6
650.377 320.033
681.516 305.012
696.924 297.997
712.329 290.736
743.187 275.977
789.08 253.201
804.604 245.236
835.688 229.093
851.36 220.827
880.675 194.468
891.252 174.464
896.411 164.25
908.937 144.163
920.237 133.561
981.716 88.0321
998.16 76.4294
1014.56 64.9127
1039.79 42.8717
1051.35 20.1362
1056.93 8.53029
1062.43 -3.10209
1070.05 -13.4577
1109.31 -47.3094
1138.75 -69.5272
1150.79 -76.4453
1161.99 -82.5631
1184.61 -94.4476
1196.2 -100.337
1219.63 -112.031
1256.31 -129.747
1269.05 -135.754
1280.89 -143.599
1306.02 -167.903
1327.39 -195.465
1348.87 -218.101
1361.79 -224.571
1388.1 -237.012
1414.71 -249.026
1446.01 -280.955
1456.39 -294.279
1476.76 -320.587
1487.04 -333.942
1507.46 -360.775
1541.27 -378.677
1553.24 -383.347
1577.29 -392.194
1589.66 -396.723
1627.66 -409.977
1653.89 -418.705
1667.36 -423.176
1694.67 -431.848
1722.76 -440.57
1766.18 -453.751
1780.97 -458.158
1804.2 -474.854
1815.8 -486.11
1838.74 -508.622
1871.82 -542.399
1883.08 -553.506
1905.79 -575.404
1917.27 -586.336
1952.43 -618.716
1976.01 -640.125
1999.2 -660.811
2011.05 -671.125
2035.09 -691.637
2058.29 -706.933
2080.14 -716.015
2090.65 -716.215
2111.92 -716.089
2144.99 -717.732
2158.79 -723.159
2189.73 -739.68
2206.27 -749.02
2239.52 -767.522
2289.67 -795.547
2306.37 -804.696
2318.75 -807.667
2354.77 -805.989
2378.99 -804.112
2406.45 -809.858
2406.45 -809.858
2439.67 -823.552
2456.61 -831.388
2507.41 -855.67
2534.37 -857.34
2569.41 -864.539
2579.76 -871.2
2600.15 -884.979
2610.23 -892.021
2620.61 -899.276
2662.51 -929.969
2672.99 -937.948
2684.5 -943.249
2716.2 -951.02
2769.19 -959.334
2786.95 -961.987
2822.46 -967.262
2840.85 -970.372
2880.05 -977.502
2939.28 -988.007
3147.69 -1114.93
