-3103.9 1314.8
-3103.9 1314.8
-3103.9 1314.8
-3088.45 1320.33
-3066.1 1327.14
-3051.26 1327.43
-3018.03 1323.92
-3002.32 1321.35
-2954.92 1313.11
-2938.87 1310.33
-2906.38 1304.35
-2889.85 1302.94
-2853.52 1304.86
-2810.58 1318.06
-2796.47 1322.89
-2768.22 1332.95
-2754.97 1334.27
-2707.51 1327.74
-2675.61 1322.29
-2659.49 1319.55
-2643.29 1316.71
-2613.25 1314.85
-2570.54 1328.59
-2556.5 1333.51
-2528.2 1343.56
-2513.87 1348.83
-2485.48 1348.87
-2469.58 1346.53
-2454.94 1343.62
-2426.81 1337.78
-2412.65 1334.82
-2383.96 1328.3
-2339.63 1317.9
-2326.09 1317.96
-2295.7 1325.07
-2280.29 1329.35
-2265.03 1333.68
-2218.81 1347.14
-2189.43 1352.45
-2174.77 1349.9
-2144.86 1343.54
-2099.87 1333.61
-2068.63 1329.31
-2051.47 1330.44
-2033.01 1332.84
-2013.99 1336.01
-1960.13 1341.83
-1932.11 1334
-1918.16 1329.89
-1890.23 1321.35
-1876.09 1316.94
-1834.32 1306.79
-1819.29 1308.62
-1787.39 1314.62
-1771.67 1317.81
-1740.1 1324.31
-1724.14 1327.7
-1688.26 1333.23
-1630.37 1342.47
-1611.06 1345.63
-1589.67 1341
-1580.22 1336.47
-1560.99 1326.96
-1541.54 1316.88
-1521.52 1306.04
-1511.32 1300.42
-1490.95 1288.64
-1449.29 1277.03
-1433.72 1274.19
-1397.18 1271.01
-1377.9 1270.29
-1358.82 1269.56
-1301.36 1267.49
-1276.8 1257.13
-1265.47 1250.44
-1237.66 1242.86
-1220.45 1241.07
-1164.24 1237.4
-1125.74 1234.12
-1106.19 1232.49
-1070.02 1230.26
-1026.08 1217.8
-1013.73 1210.46
-988.89 1195.47
-976.598 1187.78
-964.284 1183.87
-932.556 1180.43
-918.293 1176.49
-888.266 1161.27
-842.808 1135.8
-827.627 1127.34
-797.087 1109.77
-784.272 1106.48
-745.98 1107.34
-733.229 1108.04
-707.377 1109.64
-694.177 1110.53
-667.506 1112.69
-627.436 1113.83
-612.612 1109.47
-580.682 1096.29
-548.864 1082.39
-516.787 1068.2
-488.918 1067.1
-474.686 1068.29
-446.162 1071.04
-431.84 1072.58
-383.935 1063.73
-369.443 1062.96
-341.333 1066.72
-327.347 1068.81
-299.391 1073.34
-247.945 1070.41
-231.363 1065.81
-199.277 1054.78
-183.213 1049.15
-151.076 1037.72
-137.237 1036.56
-108.523 1040.89
-95.3476 1043.71
-69.8782 1049.53
-56.8228 1050.01
-9.22151 1039.54
17.9531 1029.39
31.6928 1024.14
59.3701 1013.27
87.3549 1001.93
115.305 990.162
129.338 984.099
156.565 975.578
172.062 975.459
220.121 978.937
251.659 982.23
283.322 985.897
297.075 984.198
311.186 979.249
351.542 959.158
366.129 957.22
382.748 956.631
396.028 952.782
435.172 932.831
461.113 918.734
474.338 911.709
500.846 896.997
514.335 889.558
554.559 870.365
569.552 869.362
601.208 868.748
616.864 868.673
648.647 868.64
696.496 864.41
720.966 856.907
730.132 851.027
746.99 837.154
772.572 815.086
783.202 809.041
814.195 799.023
832.33 794.517
870.922 785.716
929.313 772.504
940.547 767.539
946.51 761.009
957.588 746.839
973.783 724.429
979.246 716.533
991.389 700.016
998.567 690.603
1021.35 673.015
1070.21 647.49
1088.11 639.355
1098.83 630.661
1114.57 610.118
1120.61 595.769
1127.84 583.883
1148.77 574.524
1160.04 569.199
1182.76 558.075
1199.96 527.958
1205.52 516.511
1216.5 492.896
1222.13 480.854
1233.29 455.989
1246.25 447.213
1261.45 439.968
1269.35 435.726
1285.06 425.67
1293.26 419.831
1309.55 406.998
1317.88 399.973
1342.44 376.946
1357.85 362.586
1364.83 356.527
1380 337.794
1395.85 316.852
1411.74 294.652
1427.41 271.259
1435.11 259.376
1442.76 247.114
1465.6 209.328
1480.48 183.163
1487.79 170.184
1502.08 144.196
1509.1 130.865
1523.09 103.774
1524.23 94.0508
1519.52 75.2203
1516.94 65.4117
1511.2 45.7582
1513.49 21.1192
1522.76 -10.785
1527.84 -27.9887
1537.88 -62.5395
1542.82 -79.8364
1544.99 -116.082
1541.16 -124.602
1532.97 -141.415
1528.68 -150.131
1519.51 -167.495
1499.33 -204.522
1493.74 -215.015
1488.02 -225.338
1484.03 -237.308
1479.26 -289.138
1479.25 -327.466
1480.75 -343.088
1482.97 -372.23
1483.83 -386.709
1484.6 -401.207
1485.78 -430.184
1486.14 -444.665
1486.41 -473.905
1486.35 -488.851
1485.67 -518.89
1484.25 -549.765
1482.39 -581.126
1471.78 -597.963
1464.89 -605.294
1443 -627.924
1435.29 -636.604
1418.51 -654.441
1412.01 -665.119
1310.42 -913.386
