549.779 -118.633
549.779 -118.633
550.544 -117.121
553.922 -115.361
570.214 -110.369
578.631 -109.096
595.636 -109.048
604.054 -110.269
612.312 -112.292
620.34 -115.086
628.052 -118.644
635.374 -122.951
643.53 -127.842
660.38 -139.16
669.224 -145.636
689.869 -160.272
701.237 -168.76
712.153 -177.776
737.594 -198.202
752.007 -209.628
789.447 -229.929
823.803 -235.548
860.379 -239.464
932.422 -246.185
950.129 -247.935
985.48 -251.592
1060.5 -270.362
1080.78 -285.975
1112.05 -310.697
1133.75 -324.825
1165.08 -333.61
1233.28 -346.8
1267.8 -354.385
1325.58 -378.272
1347.16 -397.077
1369.12 -416.426
1390.83 -436.39
1413.01 -452.756
1443.25 -461.814
1510.82 -481.778
1545.24 -492.364
1579.47 -503.125
1611.47 -536.489
1626.4 -555.194
1640.84 -574.345
1695.43 -608.376
1729.76 -623.766
1797.41 -654.969
1831.45 -670.986
1849.34 -690.486
1879.86 -733.391
1894.95 -755.766
1947.27 -790.719
1979.3 -808.446
2011.46 -826.564
2041.03 -844.871
2069.76 -863.45
2094.48 -904.538
2105.77 -926.474
2143.73 -969.571
2158.83 -980.784
2189.26 -1001.89
2228.95 -1040.67
2236.83 -1061.24
2255.18 -1108.11
2264.79 -1133.27
2273.95 -1158.84
2316.27 -1205.03
2342.19 -1228.19
2368.31 -1251.1
2384.24 -1269.8
2398.29 -1289
2402.58 -1308.34
2407.33 -1348.98
2408.97 -1370.03
2419.41 -1393.76
2461.43 -1452.04
2483.9 -1482.73
2528.84 -1545.07
2549.27 -1570.63
2568.51 -1595.73
2572.3 -1640.84
2571.49 -1688.21
2570.81 -1713.28
2568.03 -1765.13
2566.07 -1791.94
2572.53 -1819.28
2601.31 -1883.24
2616.35 -1914.81
2631.72 -1946.66
2647.39 -1978.56
2645.36 -2023.75
2641.38 -2046.57
2636.71 -2069.3
2647.66 -2132.53
2659.51 -2169.62
2677.59 -2225.15
2689.69 -2262.04
2696.63 -2294.33
2686.4 -2345.4
2680.4 -2370.9
2666.12 -2418.27
2658.5 -2444.15
2650.23 -2470.38
2656.77 -2531.99
2663.8 -2565.49
2678.52 -2632.49
2686.24 -2666.21
2682.22 -2694.02
2674.36 -2721.69
2673.03 -2752.36
2683.74 -2827.73
2689.93 -2866.91
2675.62 -2916.42
2666.14 -2940.59
2656.07 -2964.52
2655.65 -3027.84
2659.33 -3063.39
2665.74 -3136.04
2667.53 -3173.93
2659.63 -3201.33
2638.11 -3250.99
2626.67 -3274
2614.69 -3297.97
2588.87 -3346.8
2575.12 -3371.81
2570.05 -3415.98
2570 -3449.65
2570.38 -3482.81
2572.33 -3566.67
2571.71 -3603.6
2567.96 -3655.42
2555.88 -3674.86
2543.04 -3694.15
2507.99 -3743.44
2500.49 -3753.38
2484.6 -3814.83
2479.91 -3851.06
2474.02 -3902.7
2467.2 -3957.6
2454.39 -3981.62
2438.61 -4003.5
2417.13 -4068.02
2410.75 -4105.46
2390.58 -4167.17
2373.63 -4190.04
2356.14 -4212.75
2338.26 -4235.31
2330.26 -4260.93
2326.04 -4291.17
2319.94 -4350.07
2308.15 -4375.76
2289.97 -4402.54
2252.6 -4454.44
2347.29 -4224.11
2235.9 -4545.09
2232.12 -4576.74
2219.27 -4602.5
2183.17 -4652.85
2164.73 -4677.57
2156.6 -4704.68
2145.86 -4770
2139.8 -4805.25
2107.49 -4853.8
2089.14 -4877.13
2070.51 -4900.27
2031.5 -4947.79
1763.1 -5546.42
