2533.18 -931.288
2533.18 -931.288
2528 -933.186
2519.2 -936.559
2498.68 -943.032
2477.36 -948.656
2455.32 -953.604
2443.02 -946.657
2431.96 -935.585
2426.41 -929.838
2401.58 -919.756
2387.51 -918.717
2358.47 -916.355
2328.97 -913.218
2298.86 -909.285
2268.36 -904.726
2237.42 -899.691
2215.26 -879.765
2208.63 -872.004
2202.11 -864.011
2173.84 -843.253
2141.39 -830.871
2124.01 -824.808
2071.64 -806.028
2061.42 -798.746
2039.68 -771.252
2032.59 -761.743
2016.26 -743.379
1970.97 -716.608
1953.23 -708.196
1917.87 -691.332
1900.18 -682.928
1847.04 -657.345
1836.47 -648.411
1828.66 -638.116
1805.76 -606.482
1788.48 -584.86
1769.66 -565.01
1741.36 -547.624
1725.43 -539.217
1677.9 -514.372
1651.3 -496.631
1643.11 -485.355
1627.07 -462.444
1611.37 -439.077
1574.83 -412.872
1559.57 -404.501
1529.42 -388.113
1498.8 -366.951
1473.16 -342.778
1456.29 -318.428
1439.77 -293.805
1430.21 -284.727
1388.19 -259.8
1373.75 -251.892
1344.41 -236.026
1329.57 -228.08
1301.04 -193.939
1292.15 -181.251
1274.62 -155.745
1251.68 -139.001
1223.63 -123.967
1181.38 -102.041
1167.08 -94.8097
1156.49 -85.8843
1344.41 -236.026
1114.07 -42.1435
1078.72 -9.62571
1059.05 16.7984
1049.29 30.1725
1012 52.7492
998.516 59.3444
957.353 78.943
929.033 92.1045
918.556 100.517
888.554 137.302
877.99 150.629
853.718 165.283
840.224 171.325
826.777 177.161
799.48 188.632
766.973 220.014
756.13 232.958
745.403 245.958
696.535 278.877
696.535 278.877
642.707 299.471
642.707 299.471
618.373 310.945
582.838 346.266
571.112 358.917
533.991 384.826
506.347 394.745
492.485 399.52
450.331 413.536
438.884 420.264
415.756 442.299
391.068 467.011
366.537 486.64
339.383 495.599
311.415 504.112
297.262 508.428
256.933 523.057
233.004 544.216
220.352 555.767
194.09 580.331
154.739 593.866
141.235 597.099
127.733 600.196
84.7649 615.923
70.7374 626.267
30.9907 660.624
17.8049 672.183
-7.7227 689.913
-35.7982 696.803
-65.1018 703.58
-94.5118 709.938
-124.426 717.554
-140.683 725.048
-181.274 756.144
-207.917 777.705
-233.703 794.425
-262.267 800.211
-274.438 805.584
-313.322 830.192
-327.653 833.082
-386.161 843.44
-386.161 843.44
-417.269 848.922
-464.659 856.867
-477.629 862.207
-489.908 870.858
-526.298 899.307
-550.727 918.656
-575.075 934.354
-605.136 940.745
-620.725 943.651
-667.662 951.894
-696.351 959.952
-720.774 978.118
-732.37 982.884
-757.211 984.998
-795.023 986.503
-808.565 988.846
-823.979 994.21
-870.063 1004.62
-900.786 1006.52
-929.372 1011.07
-956.4 1026.57
-969.582 1030.61
-1027.58 1043.94
-1027.58 1043.94
-1055.37 1060.4
-1068.88 1068.95
-1112.06 1094.72
-1143.09 1112.64
-1170.11 1124.23
-1192.73 1122.73
-1204.2 1121.65
-1239.43 1120.14
-1254.39 1123.99
-1288.26 1136.72
-1343.38 1159.72
-1361.75 1167.5
-1400.39 1166.71
-1413.19 1165.16
-1438.8 1161.48
-1484.11 1170.24
-1501.44 1176.44
-1553.25 1195.81
-1570.57 1202.37
-1597.98 1201.93
-1624.94 1197.91
-1652.05 1193.4
-1696.69 1201.89
-1713.5 1207.7
-1746.65 1219.26
-1763.31 1225.14
-1796.71 1237.05
-1824.61 1236.17
-1852.37 1231.5
-1880.36 1226.5
-1908.86 1221.05
-1921.98 1221.46
-1969.21 1234.59
-2001.12 1245.06
-2001.12 1245.06
-2047.36 1256.71
-2076.25 1251.94
-2104.97 1246.33
-2133.87 1240.43
-2148.57 1237.3
-2191.5 1237.58
-2207.1 1242.12
-2253.47 1256.21
-2269.02 1261.1
-2300.68 1269.5
-2348.9 1266.19
-2363.58 1263.21
-2421.83 1254.01
-2421.83 1254.01
-2452.09 1261.8
-2498.27 1275.84
-2970.17 1280.2
