549.779 -118.633
549.779 -118.633
550.533 -117.053
566.049 -111.25
574.397 -109.567
582.87 -108.7
599.848 -109.495
608.204 -111.109
616.351 -113.525
624.231 -116.701
631.711 -120.695
646.55 -130.694
653.697 -136.57
669.757 -150.051
674.221 -153.772
683.02 -161.754
701.749 -179.683
712.642 -189.944
734.305 -212.495
745.052 -224.854
762.89 -245.147
768.625 -252.198
781.409 -267.349
793.731 -283.084
820.142 -317.415
841.893 -333.025
874.027 -348.421
927.813 -372.51
982.192 -397.15
1036.85 -421.907
1073.31 -438.427
1102.03 -455.032
1131.07 -494.914
1145.14 -515.553
1159.29 -536.723
1188.3 -581.631
1203.1 -605.246
1219.34 -626.297
1245.87 -644.612
1306.15 -681.6
1337.02 -700.428
1368.12 -719.166
1399.29 -764.237
1413 -788.042
1446.58 -833.209
1475.71 -854.696
1506.26 -875.807
1552.87 -919.771
1565.84 -944.25
1590.55 -994.245
1602.98 -1020.14
1615.16 -1046.55
1647.36 -1082.22
1676.17 -1106.47
1521.55 -886.34
1739.51 -1180.39
1750.88 -1206.98
1762 -1233.94
1771.28 -1259.96
1793.11 -1309.09
1817.18 -1337.4
1871.8 -1393.88
1882.01 -1418.17
1888.43 -1443.14
1896.28 -1489.15
1907.9 -1514.83
1953.31 -1575.92
1978.01 -1607.3
1985.68 -1633.14
1993.2 -1685.22
1996.21 -1711.47
1997.49 -1735.85
1999.36 -1786.63
2000.17 -1813.91
2026.65 -1870.59
2044.54 -1900.47
2062.77 -1930.1
2067.41 -1957.32
2068.5 -1985.73
2067.21 -2024.07
2065.52 -2049.05
2062.87 -2098.8
2071.33 -2131.42
2085.26 -2166.55
2114.61 -2237.07
2131.28 -2286.26
2126.58 -2324.92
2122.74 -2350.89
2118.3 -2376.81
2129.06 -2442.83
2140.59 -2479.93
2150.33 -2544.15
2144.91 -2570.44
2139.07 -2596.9
2126.03 -2650.35
2118.74 -2677.7
2120.43 -2705.74
2128.02 -2738.81
2147.18 -2828.93
2150.89 -2847.91
2158.39 -2885.87
2174.98 -2959.19
2171.02 -2985.42
2155.32 -3035.46
2146.61 -3060.3
2137.4 -3084.99
2122.65 -3122.25
2111.92 -3148.33
2105.69 -3206.29
2109.39 -3239.86
2113.47 -3273.21
2119.26 -3343.32
2111.95 -3371.24
2101.33 -3398.15
2078.71 -3451.68
2067.02 -3478.76
2051.98 -3533.76
2053.66 -3567.06
2055.93 -3600.12
2061.14 -3666.63
2064.16 -3700.38
2044.85 -3754.49
2032.68 -3781.02
2020.11 -3807.37
2015.95 -3871.33
2017.15 -3906.34
2017.84 -3923.75
2022.95 -4008.56
2020.52 -4022.5
2008.81 -4049.76
1996.3 -4076.29
1983.53 -4101.92
1970.34 -4127.65
1946.26 -4179.5
1945.2 -4210.97
1947.1 -4291.53
1946.95 -4308.09
1946.01 -4342.42
1922.63 -4396.84
1908.8 -4423.42
1880.33 -4477.77
1865.64 -4505.83
1861.61 -4534.19
1861.51 -4597.12
1862.13 -4628.49
1863.71 -4693.05
1854.59 -4720.2
1840.91 -4747.33
1812.32 -4800.61
1797.38 -4827.91
1781.97 -4855.24
1777 -4914.49
1777 -4945.78
1777.88 -5008.98
1778.74 -5041.14
1769.56 -5068.26
1741.33 -5122.76
1726.52 -5149.65
1697.79 -5208.21
1694.04 -5237.24
1693.62 -5268.46
1622.51 -5662.55
