549.715 -117.514
549.715 -117.514
550.457 -115.851
557.827 -112.542
574.32 -108.365
582.793 -107.498
591.302 -107.478
608.127 -109.904
616.274 -112.32
624.154 -115.497
639.018 -124.065
647.363 -129.276
655.114 -134.934
662.949 -141.291
678.883 -155.825
687.063 -163.974
706.934 -182.817
717.318 -193.318
727.257 -204.495
744.086 -222.924
756.665 -236.488
768.877 -250.729
820.986 -268.038
853.165 -276.157
918.222 -293.869
951.149 -303.384
968.218 -318.084
997.181 -353.288
1011.33 -372.233
1066.12 -407.538
1101.54 -424.431
1136.82 -441.284
1172.17 -458.141
1207.65 -475.055
1276.15 -509.231
1293.15 -528.253
1319.17 -568.697
1330.64 -588.9
1350.48 -608.645
1413 -649.497
1445.26 -669.063
1476.12 -713.977
1489.84 -737.713
1503.11 -761.785
1552.77 -806.235
1616.42 -852.686
1630.01 -874.175
1649.71 -920.2
1658.92 -943.771
1676.05 -966.608
1730.92 -1016.07
1745.16 -1028.42
1773.46 -1073.78
1781.62 -1098.25
1789.31 -1123.27
1804.57 -1175.38
1819.62 -1200.2
1867.62 -1254.2
1892.4 -1282.11
1900.05 -1305.19
1903.79 -1328.78
1907.26 -1352.99
1920.75 -1403.9
1940.13 -1434.65
1984.24 -1496.19
2006.16 -1526.91
2027.84 -1557.71
2034.99 -1608.1
2036.43 -1633.83
2037.75 -1673.08
2038.43 -1713.99
2047.26 -1740.72
2063.88 -1771.11
2081.18 -1804.03
2099.18 -1837.97
2101.48 -1862.6
2097.61 -1911.38
2094.87 -1936.07
2110.18 -2000.01
2124.58 -2034.61
2138.94 -2068.61
2167.97 -2136.48
2168.34 -2159.2
2159.32 -2204.16
2153.9 -2226.75
2148.66 -2252.64
2145.23 -2306.7
2154.25 -2340
2174.52 -2406.08
2172.55 -2434.27
2166.82 -2462.72
2160.55 -2491.07
2153.72 -2519.3
2160.66 -2585.24
2167.98 -2622.6
2182.33 -2698.54
2189.43 -2736.91
2184.54 -2761.83
2166.98 -2808.89
2157.35 -2832.54
2154.66 -2860.45
2157.25 -2896.04
2161.56 -2932.06
2166.03 -2967.75
2175.29 -3039.21
2168.83 -3065.95
2158.86 -3091.46
2137.36 -3142.51
2134.38 -3170.62
2137.98 -3222.27
2141.42 -3256.06
2139.51 -3290.78
2135.02 -3326.8
2124.6 -3354.65
2113.03 -3381.59
2088.85 -3433.25
2085.3 -3461.06
2086.49 -3494.81
2090.48 -3562.03
2092.56 -3596.23
2086.87 -3657.71
2074.91 -3683.96
2062.48 -3710.13
2045.12 -3764.29
2045.14 -3798.41
2035.59 -3824.68
2008.69 -3874.72
1994.52 -3899.19
1969.94 -3959.48
1966.25 -3990.36
1965.09 -4023.45
1964 -4073.05
1963.74 -4089.69
1953.53 -4166.4
1939.32 -4192.34
1924.61 -4217.85
1917.12 -4230.47
1900.94 -4272.19
1894.7 -4327.18
1891.45 -4364.27
1885.43 -4438.56
1879.27 -4470.36
1864.79 -4492.82
1834.31 -4536.82
1810.35 -4571.22
1794.19 -4610.23
1789.61 -4643.42
1785.57 -4676.35
1777.99 -4742.98
1774.31 -4776.83
1745.3 -4825.93
1728.44 -4849.5
1711.12 -4872.77
1697.56 -4932.44
1457.3 -5542.68
