549.779 -118.633
549.779 -118.633
550.538 -117.035
557.907 -113.725
566.052 -111.231
582.872 -108.681
591.381 -108.661
599.85 -109.474
616.531 -113.434
624.565 -116.538
642.438 -124.001
651.277 -128.708
655.554 -131.302
673.427 -143.153
689.031 -153.539
710.431 -169.654
716.077 -174.17
616.531 -113.434
753.372 -204.891
780.747 -229.205
795.48 -242.712
810.583 -256.96
826.593 -272.267
881.843 -289.312
915.501 -297.296
949.541 -305.717
984.27 -314.8
1019.15 -324.063
1034.11 -335.914
1064.81 -365.154
1097.07 -380.698
1132.58 -394.672
1203.4 -422.652
1238.98 -436.935
1310.41 -465.606
1339.02 -494.045
1347.55 -504.308
1397.75 -543.687
1427.17 -560.241
1460.77 -575.747
1494.57 -591.802
1528.52 -608.118
1544.86 -626.394
1571.47 -667.57
1584.54 -689.027
1634.92 -726.016
1666.29 -745.375
1697.84 -765.041
1725.88 -809.398
1745.96 -829.295
1775.07 -849.989
1830.34 -882.322
1857.24 -897.128
1884.15 -911.506
1896.74 -926.963
1904.95 -946.057
1913 -965.774
1936.76 -1006.81
1963.57 -1030.35
2024.99 -1080.9
2046.57 -1094.63
2066.86 -1107.58
2107.68 -1137.08
2128.48 -1154.05
2155.15 -1191.33
2158.27 -1212.74
2163.93 -1238.23
2191.38 -1288.21
2213.91 -1313.87
2259.27 -1363.84
2265.79 -1376.03
2273.41 -1404.72
2279.78 -1451.76
2281.16 -1484.58
2281.32 -1495.76
2296.89 -1549.37
2315.91 -1582.36
2355.63 -1646.44
2375.44 -1677.32
2405.24 -1723.31
2434.04 -1764.44
2450.87 -1783.51
2484.84 -1820.94
2501.75 -1841.29
2517.94 -1861.44
2527.54 -1905.1
2527.03 -1930.02
2524.68 -1982
2522.96 -2009.01
2520.92 -2036.45
2518.58 -2064.97
2516.19 -2094.75
2513.29 -2124.72
2517.7 -2155.67
2541.47 -2224.61
2553.35 -2257.88
2576.46 -2325.62
2574.21 -2348.91
2568.2 -2371.14
2554.43 -2417.28
2553.35 -2445.61
2569.81 -2536.83
2573.67 -2554.98
2581.89 -2587.24
2596.45 -2650.95
2603.2 -2683.15
2588.07 -2731.29
2578.44 -2755.84
2568.21 -2780.32
2546.2 -2831.55
2544.08 -2894.33
2545.14 -2929.94
2546.3 -3022.41
2546.37 -3041.44
2537.39 -3063.81
2505.05 -3114.38
2498.14 -3124.5
2483.44 -3187.12
2477.49 -3244.06
2475.5 -3262.98
2468.55 -3337.72
2449.18 -3373.24
2441.61 -3384.27
2410.04 -3428.58
2401.47 -3455.18
2391 -3524.99
2386.01 -3560.89
2380.89 -3597.07
2378.44 -3615.3
2357.13 -3650.32
2348.99 -3661.3
2323.8 -3694.44
2315.14 -3705.5
2293.37 -3759.37
2283.6 -3810.86
2277.18 -3845.83
2267.52 -3898.64
2249.91 -3940.74
2223.37 -3974.32
2195.8 -4007.4
2186.77 -4019.29
2152.91 -4068.37
2145.1 -4099.32
2138.2 -4131.18
2131.8 -4162.71
2119.45 -4226.92
2113.2 -4259.79
2107.2 -4293.06
2081.06 -4345.82
2062.58 -4368.5
2024.94 -4413.1
2005.03 -4435.85
1989.05 -4458.76
1976.57 -4517.55
1970.96 -4547.73
1960.22 -4609.44
1954.76 -4641.39
1949.6 -4673.6
1917.15 -4722.67
1879.12 -4769.75
1859.24 -4795.09
1830.21 -4847.3
1825.28 -4876.25
1820.81 -4905.29
1812.77 -4964.4
1809.14 -4994.69
1778.04 -5046.47
1759.02 -5072.15
1739.98 -5097.59
1700.38 -5149.45
1692.51 -5176.3
1589.24 -5474.28
