-696.744 1608.55
-696.744 1608.55
-696.549 1605.89
-696.549 1605.89
-694.337 1604
-694.337 1604
-681.5 1596.46
-669.47 1590.05
-669.47 1590.05
-667.892 1589.01
-667.892 1589.01
-660.836 1584.31
-652.733 1575.07
-651.783 1554.36
-650.511 1542.7
-647.534 1518.72
-640.91 1481.49
-638.12 1468.85
-632.265 1443.34
-628.813 1430.44
-621.656 1404.43
-606.176 1391.14
-602.26 1389.46
-602.26 1389.46
-597.226 1386.61
-586.985 1380.12
-570.082 1351.87
-563.287 1337.55
-561.79 1331.47
-558.09 1330.14
-531.927 1316.1
-522.903 1310.12
-505.049 1296.26
-495.777 1284.73
-476.676 1256.16
-446.473 1210.94
-436.245 1196
-405.844 1179.04
-397.882 1172.24
-382.623 1149.23
-375.423 1137.05
-354.404 1100.33
-345.252 1082.68
-341.255 1077.45
-327.562 1055.15
-320.602 1042.07
-300.091 1002.47
-286.446 975.524
-277.863 965.41
-252.857 945.785
-226.484 926.568
-199.816 907.431
-186.216 897.787
-163.391 877.589
-156.216 864.606
-145.416 834.58
-144.515 819.597
-144.239 812.04
-142.286 794.637
-139.699 782.758
-131.538 745.464
-125.754 718.7
-124.736 713.676
-122.393 708.624
-115.975 684.449
-110.524 656.114
-107.883 641.767
-102.912 612.84
-100.399 598.125
-95.67 568.299
-89.8586 558.796
-77.475 544.48
-77.475 544.48
-74.0379 539.442
-74.0379 539.442
-70.4739 534.194
-49.7582 507.339
-47.5467 504.702
-49.1472 501.425
-51.2902 494.305
-51.4979 478.25
-34.0041 445.658
-27.5315 433.61
-14.9068 408.917
-8.6382 396.152
-4.64176 365.075
-10.8792 346.996
-14.1894 337.843
-18.3462 318.539
-17.9428 314.737
-14.2032 281.173
-10.335 264.624
-2.06775 230.802
1.9729 219.319
10.0587 198.551
20.9162 166.168
19.6428 158.847
11.1904 145.873
6.34447 137.537
-10.6311 109.79
-22.9054 90.4794
-28.87 82.9655
-41.232 68.9542
-47.6712 59.7676
-67.6769 27.5963
-71.8791 12.6513
-80.0095 -40.3033
-82.6591 -70.6059
-82.2062 -81.5096
-83.1838 -105.282
-90.4062 -152.379
-93.2295 -168.787
-96.3339 -185.242
-102.675 -218.634
-106.088 -235.3
-118.659 -278.785
-134.457 -293.689
-142.684 -301.108
-159.402 -315.649
-173.636 -338.694
-178.13 -347.295
-190.85 -353.502
-197.845 -356.452
-212.003 -361.808
-236.912 -373.045
-245.814 -377.156
-264.282 -384.971
-283.812 -393.294
-293.811 -397.261
-325.416 -409.718
-335.82 -416.198
-359.347 -439.061
-366.694 -449.894
-386.301 -480.27
-400.291 -500.29
-407.94 -510.307
-415.707 -520.322
-432.083 -540.443
-440.723 -550.571
-458.699 -570.769
-468.083 -580.831
-487.551 -601.056
-497.733 -611.202
-518.618 -631.437
-526.907 -638.595
-536.477 -644.9
-547.539 -653.98
-570.472 -674.232
-605.875 -704.366
-618.053 -714.352
-642.725 -734.231
-655.342 -744.177
-681.008 -763.972
-701.523 -767.562
-723.508 -767.792
-727.719 -768.621
-745.008 -774.889
-774.341 -790.586
-789.869 -800.152
-821.231 -819.09
-836.93 -828.582
-860.458 -831.478
-884.051 -830.517
-907.995 -829.042
-920.851 -830.38
-952.839 -840.623
-970.234 -848.078
-1023.47 -873.023
-1058.43 -889.693
-1070.86 -892.177
-1094.16 -889.815
-1129.45 -884.889
-1141.59 -883.05
-1166.12 -878.966
-1178.76 -876.796
-1204.3 -872.069
-1232.54 -874.789
-1266.67 -884.586
-1283.87 -890.241
-1318.36 -901.673
-1352.99 -913.327
-1388.43 -924.631
-1417.53 -931.571
-1425.28 -929.054
-1441.93 -922.166
-1470.2 -910.905
-1480.1 -906.818
-1500.16 -898.237
-1510.45 -893.69
-1542.12 -879.174
-1563.94 -868.735
-1575.16 -863.241
-1597.86 -851.863
-1609.51 -845.895
-1645.18 -827.159
-1668.12 -819.438
-1681.04 -820.206
-1707.68 -821.465
-1721.38 -821.816
-1749.08 -821.851
-1763.26 -821.527
-1791.92 -820.419
-1836.5 -817.285
-1851.53 -815.896
-1866.82 -814.307
-1897.65 -810.768
-1944 -804.215
-1953.1 -799.411
-1966.96 -784.718
-1973.91 -777.041
-1987.5 -761.324
-2006.95 -737.31
-2015.87 -730.546
-2019.45 -728.174
-2024.48 -725.263
-2066.51 -704.197
-2101.97 -690.354
-2155.61 -669.312
-2173.61 -662.141
-2209.9 -647.597
-2220.47 -639.874
-2235.5 -620.987
-2252.27 -594.269
-2258.06 -585.051
-2269.22 -566.106
-2275.49 -556.088
-2288.7 -537.287
-2311.71 -518.051
-2326.88 -507.798
-2359.85 -487.694
-2376.63 -477.715
-2423.4 -447.362
-2435.7 -436.532
-2455.67 -414.654
-2462.43 -403.297
-2475.8 -380.482
-2482.47 -368.766
-2497.49 -347.33
-2509.2 -337.25
-2530.83 -319.662
-2534.08 -311.243
-2542.45 -283.779
-2547.62 -264.76
-2550.23 -254.854
-2557.92 -235.363
-2567.03 -224.367
-2604.65 -188.411
-2630.82 -163.327
-2644.07 -150.571
-2663.33 -127.092
-2666.19 -115.873
-2673.82 -81.3625
-2680.76 -57.8218
-2688.79 -44.3726
-2710.9 -15.3274
-2733.68 9.69948
-2752.31 27.8269
-2761.43 37.1106
-2779.59 56.028
-2788.51 65.9936
-2815.39 97.0639
-2833.25 118.849
-2835.85 127.642
-2836.09 140.149
-2832.44 162.635
-2833.61 173.165
-2838.56 195.436
-2842.27 207.543
-2856.17 236.237
-2879.1 282.359
-2886.69 298.012
-2901.71 329.616
-2909.07 346.039
-2835.17 136.836
-2947.66 432.673
-2949.42 445.366
-2946.33 469.23
-2944.63 481.448
-2938.54 518.469
-2933.81 543.59
-2933.94 556.481
-2936.53 571.964
-2946.19 606.359
-2959.23 656.702
-2958.32 672.876
-2959.46 701.92
-2964.65 713.504
-2981.69 747.802
-2993.67 770.601
-2996.46 774.782
-2997.84 780.16
-3002.03 790.194
-3011.48 810.448
-3021.73 834.999
-3023.82 850.413
-3024.95 885.318
-3025.19 902.849
-3029.72 956.84
-3038.63 989.351
-3045.43 1001.68
-3056.29 1026.78
-3060.12 1076.45
-3058.99 1084.26
-3114.94 1292.08
