2359.97 -714.767
2359.97 -714.767
2354.04 -713.45
2329.65 -711.822
2316.23 -711.286
2282.24 -706.284
2277.03 -699.978
2266.96 -686.443
2257.29 -672.339
2248.16 -657.804
2229.08 -647.229
2200.15 -637.254
2170.35 -626.763
2141.26 -616.195
2126.86 -611.001
2091.11 -594.131
2086.81 -586.169
2082.73 -577.851
2071.62 -552.543
2068.38 -544.001
2059.83 -525.579
2038.02 -487.933
2030.57 -474.874
2007.8 -434.642
1998.59 -423.522
1972.64 -402.288
1944.06 -380.727
1922.76 -360.346
1911.61 -328.431
1908.16 -317.586
1901.14 -295.039
1891.78 -274.131
1870.54 -251.689
1857.71 -240.35
1832.34 -218.084
1806.5 -195.407
1785.57 -172.508
1780.25 -159.301
1765.94 -119.548
1761.42 -106.314
1748.69 -66.1887
1744.94 -53.0001
1738.72 -27.7652
1735.01 -5.12102
1732.95 16.0548
1731.35 47.6283
1731.03 58.267
1730.97 68.9451
1730.97 102.526
1731.37 126.022
1731.82 137.762
1734.37 172.428
1735.38 184.323
1739.15 220.861
1740.58 233.526
1743.84 258.987
1747.57 284.992
1741.3 305.716
1723.31 334.658
1717.04 344.422
1703.95 363.812
1690.18 383.986
1675.75 404.399
1652.74 435.858
1644.68 446.55
1636.44 457.535
1619.5 479.636
1610.8 490.682
1602.04 501.723
1586.19 518.942
1565.71 532.179
1558.59 536.317
1546.03 567.829
1541.8 581.393
1532.84 608.984
1513.25 622.777
1505.42 626.218
1481.07 636.174
1472.45 639.528
1457.14 656.55
1440.66 683.231
1423.25 710.932
1396.18 752.456
1386.87 766.347
1377.46 780.316
1338.98 808.414
1338.98 808.414
1307.51 819.055
1285.82 825.752
1276.91 831.864
1248.22 864.728
1237.99 876.353
1217.07 899.654
1184.41 919.319
1172.83 921.894
1136.95 929.285
1124.66 931.638
1099.76 935.965
1073.92 940.282
1035.2 954.424
1020.9 964.066
980.395 995.819
953.557 1016.57
942.891 1020.32
910.087 1021.38
899.022 1021.23
862.333 1028.76
830.577 1044.94
813.803 1054.45
763.064 1082.92
750.322 1086.13
714.611 1088.43
701.191 1094.21
672.342 1110.74
629.838 1136.49
615.546 1145.17
601.11 1154.07
572.169 1172.28
557.391 1181.28
527.518 1200.12
482.259 1228.7
469.005 1232.67
427.269 1235.18
413.348 1235.77
384.527 1237.14
368.521 1238.23
336.342 1240.18
303.256 1242.21
269.783 1244.04
235.929 1245.65
201.862 1247.16
167.458 1248.48
141.252 1259.41
128.807 1266.65
104.285 1281.61
67.2942 1304.88
54.9757 1308.95
9.34334 1316.78
-5.02647 1323.99
-20.1448 1332.44
-63.5237 1353.98
-95.4593 1356.81
-144.075 1359.73
-160.39 1360.62
-176.935 1361.44
-219.753 1373.45
-245.384 1389
-257.946 1396.92
-270.722 1401.53
-318.263 1406.9
-347.026 1406.89
-361.542 1406.75
-403.766 1408.82
-417.874 1414.5
-461.979 1437.45
-491.161 1453.21
-505.85 1461.12
-548.695 1464.57
-564.141 1466.1
-612.088 1479.39
-627.649 1486.81
-659.074 1502.34
-688.004 1513.21
-717.734 1512.98
-747.529 1512.07
-777.49 1510.86
-792.719 1510.11
-835.397 1517.34
-849.968 1524.27
-878.766 1538.33
-922.236 1560.07
-935.582 1563.03
-981.283 1562.06
-1011.8 1560.6
-1028.02 1561.09
-1080.93 1573.68
-1095.22 1580.5
-1123.78 1594.32
-1137.99 1601.44
-1182.23 1604
-1198.01 1603.32
-1213.76 1602.62
-1257.03 1610.05
-1284.09 1619.12
-1324.13 1614.67
-1337.43 1612.81
-1350.95 1610.97
-1392.67 1606.38
-1427.62 1612.09
-1477.36 1629.3
-1493.68 1635.25
-1526.36 1647.33
-1554.51 1646.75
-1582.98 1642.41
-1597.07 1640.03
-1640.48 1632.45
-1670.25 1635.22
-1703.79 1644.9
-1735.42 1655.42
-1751.25 1660.81
-1786.91 1665.97
-1813.61 1661.54
-1856.37 1654.32
-1870.7 1651.74
-1885.11 1648.98
-1927.64 1650.05
-1975.06 1665.18
-1989 1666.2
-2034.33 1658.72
-2049.41 1655.82
-2062.64 1652.36
-2100.12 1641.61
-2125.34 1633.77
-2170.76 1635.77
-2188.52 1639.23
-2223.67 1646.38
-2258.98 1653.61
-2290.61 1656.59
-2330.47 1644.62
-2343.6 1640.32
-2370.63 1631.46
-2397.03 1625.47
-2428.88 1628.97
-2446.69 1631.17
-2506.05 1637.96
-2743.12 1599.84
