549.779 -118.633
549.779 -118.633
550.556 -117.423
557.926 -114.114
574.419 -109.937
582.892 -109.07
591.401 -109.052
599.87 -109.864
616.374 -113.895
624.243 -117.085
637.401 -122.71
651.18 -129.539
660.339 -134.698
683.551 -146.186
696.599 -152.689
715.955 -159.09
734.577 -151.003
765.501 -139.695
787.314 -132.93
799.373 -130.123
824.408 -124.688
879.368 -116.381
923.219 -112.076
938.488 -110.966
1008.16 -110.315
1045.39 -110.245
1082.13 -110.37
1155.74 -111.083
1192.2 -111.574
1264.58 -112.916
1300.42 -113.838
1336.51 -114.936
1372.56 -116.292
1399.74 -114.731
1425.79 -113.689
1479.42 -113.9
1507.45 -115.417
1535.71 -117.424
1594.63 -124.205
1625.13 -128.83
1655.74 -133.886
1687.32 -139.957
1719.13 -146.398
1751.81 -153.784
1810.31 -165.207
1834.87 -169.169
1885 -179.78
1910.8 -186.715
1936.78 -194.31
1963.2 -202.883
1989.49 -211.955
2043.59 -233.14
2071.22 -245.187
2127.04 -271.26
2155.12 -285.241
2166.75 -301.909
2183.75 -340.208
2191.74 -360.176
2208.72 -376.147
2255.46 -406.486
2276.98 -420.717
2298.6 -436.084
2319.92 -451.843
2363.18 -487.07
2384.84 -506.266
2428.37 -546.956
2449.99 -568.296
2455.23 -587.218
2467.43 -629.307
2487.53 -655.356
2508.41 -682.677
2533.66 -732.569
2534.37 -755.164
2534.64 -801.798
2543.55 -825.91
2559.97 -853.4
2576.73 -882.01
2593.29 -911.05
2609.71 -940.77
2626.75 -992.828
2625.24 -1003.77
2619.85 -1037.09
2615.63 -1071.88
2628.01 -1121.72
2653.13 -1196.66
2665.91 -1234.09
2678.7 -1271.45
2704.32 -1343.16
2703.47 -1370.06
2693.94 -1422.8
2691.28 -1436.02
2691.13 -1477.1
2695.39 -1493.63
2710.93 -1544.3
2716.24 -1560.95
2720.29 -1606.9
2712.51 -1652.7
2706.99 -1683.08
2691.38 -1760.19
2694.14 -1789.96
2697.72 -1806.2
2717.38 -1883.13
2717.81 -1900.16
2711.46 -1966.9
2701.37 -2012.48
2701.5 -2026.25
2716.76 -2088.03
2730.65 -2132.76
2728.76 -2178.84
2722.76 -2209.58
2716.16 -2240.01
2701.28 -2298.08
2693.42 -2328.03
2685.04 -2358.2
2694.4 -2417.26
2702 -2447.15
2710.01 -2476.7
2718.25 -2507.16
2726.97 -2537.78
2735.88 -2569.6
2742.75 -2630.02
2736.29 -2658.79
2721.89 -2715.98
2713.52 -2736.85
2704.5 -2756.76
2684.62 -2798.18
2673.76 -2820.08
2656.39 -2869.53
2655.04 -2905.57
2655.32 -2924.31
2656.89 -2997.79
2657.86 -3034.6
2660.15 -3108.68
2651.2 -3134.39
2639.02 -3158.38
2612.97 -3206.27
2599.3 -3228.99
2585.26 -3251.22
2555.07 -3297.97
2547.77 -3325.02
2541.3 -3393.38
2538.78 -3427.53
2526.95 -3453.57
2511.42 -3478.32
2495.27 -3502.49
2478.8 -3526.34
2461.48 -3590.47
2454.71 -3627.87
2447.76 -3665.45
2433.38 -3740.95
2426.95 -3777.11
2407.31 -3831.89
2391.4 -3848.43
2374.85 -3865.1
2342.77 -3905.81
2328.66 -3940.06
2316.58 -3976.82
2288.34 -4033.25
2269.61 -4050.41
2242.05 -4107.86
2224.4 -4128.28
2194.27 -4154.92
2162.77 -4181.65
2147.52 -4205.48
2120.42 -4269.69
2107.46 -4302.08
2094.44 -4334.67
2081.6 -4367.75
2059.48 -4431.06
2041.37 -4453.14
2019.51 -4473.55
1974.92 -4513.23
1960.92 -4537.67
1948.91 -4568.35
1926.06 -4630.04
1908.06 -4655.73
1857.64 -4708.27
1831.96 -4734.25
1819.54 -4761.71
1800.02 -4820.81
1790.78 -4850.64
1776.81 -4896.57
1755.29 -4934.98
1733.63 -4957.16
1685.56 -5012.94
1677.57 -5036.17
1673.74 -5059.87
1639.19 -5108.83
1631.39 -5133.03
1625.97 -5180.7
1625.24 -5202.93
1616.57 -5229.18
1482.32 -5535.24
