-3287.36 1325.25
-3287.36 1325.25
-3287.36 1325.25
-3280.75 1325.49
-3270.07 1327.26
-3229.42 1337.77
-3202.57 1341.99
-3187.44 1339.9
-3154.63 1332.4
-3122.13 1324.4
-3089.38 1316.05
-3058.92 1311.8
-3044.77 1315.04
-3016.43 1322.27
-2988.25 1329.98
-2960.12 1328.22
-2927.68 1320.79
-2911.62 1316.88
-2883.47 1320.3
-2840.3 1329.38
-2824.17 1328.36
-2788.36 1322.52
-2770.47 1319.09
-2741.29 1324.07
-2712.53 1332.42
-2683.71 1341.24
-2668.65 1345.25
-2637.7 1353.17
-2592.39 1348.46
-2576.67 1345.36
-2545.44 1338.99
-2529.55 1335.79
-2497.35 1329.11
-2483.77 1329.57
-2455.69 1337.62
-2440.69 1341.7
-2395.63 1350.92
-2366 1345.02
-2351.28 1341.63
-2322.05 1334.5
-2292.04 1327.1
-2263.24 1323.16
-2248.51 1326.11
-2217.97 1334.08
-2202.84 1338.14
-2157.22 1350.83
-2128.06 1355.75
-2113.3 1353.13
-2098.16 1349.8
-2055.73 1338.73
-2032.56 1330.49
-2020.14 1326.64
-1994.77 1318.81
-1981.6 1317.11
-1948.2 1318.6
-1929.98 1321.03
-1893.81 1326.21
-1875.69 1328.82
-1857.54 1331.45
-1825.5 1332.55
-1787.1 1318.47
-1774.36 1313.53
-1749.08 1306.44
-1733.72 1306.48
-1682.53 1312.3
-1648.31 1316.92
-1631 1319.41
-1601.84 1320.64
-1591.74 1316.12
-1558.23 1300.63
-1546.03 1295.1
-1521.32 1283.54
-1508.74 1277.57
-1470.48 1258.78
-1444.66 1245.6
-1432.13 1242.75
-1400.37 1242.05
-1383.67 1242.5
-1333.71 1244.12
-1299.95 1245.45
-1259.75 1230.21
-1251.1 1224.46
-1243.45 1218.57
-1228.28 1206.31
-1203.68 1189.05
-1190.14 1185.8
-1157.15 1181.2
-1139.42 1178.88
-1103.87 1174.03
-1066.51 1159.11
-1057.9 1151.52
-1049.46 1143.84
-1024.98 1131.66
-1009.83 1126.15
-955.821 1112.2
-920.953 1104.77
-903.4 1101.11
-868.38 1093.87
-833.068 1086.75
-797.575 1079.69
-779.834 1076.25
-749.366 1066.72
-717.49 1040.77
-707.029 1031.84
-685.341 1017.18
-670.8 1012.25
-637.263 1004.38
-620.384 1000.64
-588.42 991.405
-558.033 972.986
-526.447 951.107
-497.753 935.557
-484.832 934.088
-458.916 931.882
-445.883 931.023
-392.07 928.145
-392.07 928.145
-365.142 918.599
-350.353 910.18
-305.448 884.626
-274.514 872.618
-259.718 865.586
-228.568 847.789
-213.038 838.402
-168.626 815.9
-154.264 814.966
-125.495 813.565
-111.13 813.003
-82.1642 812.249
-39.6687 808.555
-25.8092 802.297
-11.5013 794.235
31.0614 769.629
31.0614 769.629
59.5523 752.79
74.6671 745.606
110.833 735.352
147.041 730.634
178.183 723.479
201.207 707.916
212.537 699.844
246.813 678.618
261.672 674.947
295.423 669.87
312.392 667.527
346.543 663.075
373.905 657.463
388.395 644.012
395.383 636.816
415.904 614.393
429.586 598.513
438.095 590.088
456.256 571.296
465.784 561.552
484.884 541.381
527.502 512.628
543.617 506.263
559.637 500.687
591.996 489.634
637.065 474.329
648.974 469.793
671.964 450.625
681.131 434.207
685.659 425.703
697.26 409.782
708.631 401.933
752.911 377.749
783.637 360.907
798.903 352.347
812.426 333.904
822.703 313.634
841.562 293.707
853.669 287.166
876.54 274.926
888.095 268.22
916.268 247.408
920.2 230.263
922.093 221.343
925.399 203.264
928.495 192.704
940.568 157.666
960.794 131.439
973.511 117.933
999.672 90.9325
1018.92 74.9916
1031.16 60.9446
1031.01 53.2943
1029.93 37.262
1029.31 29.0764
1027.59 12.0756
1026.69 3.27813
1027.7 -14.7152
1049.44 -52.4429
1066.03 -79.4711
1074.15 -93.3121
1082.35 -107.326
1106.03 -147.26
1113.5 -160.224
1128.37 -186.17
1135.56 -199.313
1142.75 -212.433
1148.91 -244.816
1144.42 -264.927
1142.07 -275.957
1137.05 -298.474
1131.53 -322.108
1132.15 -350.914
1135.89 -367.718
1146.1 -402.64
1151.29 -420.013
1161.89 -454.839
1167.22 -472.388
1178.07 -507.537
1178.47 -521.676
1173.21 -548.474
1170.31 -561.957
1161.02 -602.617
1154.38 -630.205
1154.37 -642.876
1157.23 -657.281
1170.61 -703.277
1184.72 -749.08
1185.46 -1017.21
