549.715 -117.514
549.715 -117.514
550.457 -115.735
557.827 -112.427
574.32 -108.249
582.792 -107.382
591.301 -107.362
608.126 -109.788
616.273 -112.204
632.313 -119.208
640.069 -123.696
649.118 -128.547
657.699 -134.006
676.199 -146.578
687.281 -153.804
697.983 -161.609
729.358 -179.291
737.132 -187.566
742.94 -196.774
793.421 -205.79
811.829 -207.429
884.761 -213.183
919.842 -215.322
954.308 -217.102
1023.8 -221.973
1059.08 -224.996
1148.86 -234.123
1166.95 -236.145
1203.31 -240.376
1258.77 -263.06
1282.5 -275.384
1313.41 -279.628
1346.9 -284.235
1415.7 -295.007
1450.99 -301.087
1487.67 -330.238
1512.7 -343.562
1547.53 -355.333
1581.43 -362.953
1647.66 -379.002
1681.2 -387.698
1709.94 -412.653
1728.56 -431.586
1746.86 -451.089
1796.06 -481.07
1829.74 -493.023
1880.16 -511.692
1896.89 -518.06
1930.75 -531.065
1964.58 -544.368
2016.4 -575.668
2030.7 -595.041
2059.31 -635.595
2081.01 -653.334
2112.24 -671.201
2173.55 -700.878
2202.32 -715.094
2245.83 -749.226
2258.15 -770.632
2270.72 -792.936
2295.45 -839.19
2307.79 -863.432
2320.61 -888.55
2333.07 -914.146
2352.43 -929.317
2374.34 -944.329
2418.72 -977.791
2424.75 -994.928
2426.04 -1004.27
2430.81 -1052.61
2441.66 -1074.37
2472.69 -1113.8
2494.96 -1142.05
2516.31 -1168.04
2554.24 -1214.08
2572.75 -1237.68
2575.67 -1281.65
2575.35 -1305.21
2574.5 -1328.97
2572.09 -1379.36
2578.14 -1407.31
2592.03 -1440.78
2624.21 -1507.79
2640.32 -1541.87
2657.71 -1600.58
2654.69 -1624.32
2651.16 -1648.45
2649.88 -1700.86
2659.8 -1735.87
2684.96 -1806.85
2697.58 -1842.36
2710.34 -1877.88
2705.09 -1931.15
2700.17 -1957.64
2692.35 -1998.08
2687.6 -2026.83
2691.01 -2055.39
2710.23 -2121.17
2720.41 -2153.68
2740 -2221.49
2737.84 -2249.94
2732.28 -2278.09
2720.25 -2334.05
2713.58 -2363.06
2706.3 -2392.32
2717.15 -2451.67
2725.6 -2482.77
2743.48 -2545.29
2752.96 -2576.99
2750.81 -2605.38
2737.7 -2663.58
2730.48 -2692.49
2716.9 -2754.02
2720.07 -2782.84
2727.61 -2813.68
2715.14 -2860.2
2706.18 -2884.71
2696.54 -2909.41
2681.14 -2948.12
2664.58 -2988.14
2656.81 -3029.86
2659.82 -3062.77
2663.33 -3095.67
2667.21 -3128.39
2675.69 -3192.95
2678.68 -3226.04
2681.15 -3261.69
2685.35 -3334.19
2683.51 -3364.31
2672.22 -3384.45
2647.59 -3424.3
2635.09 -3446.44
2613.97 -3496.49
2609.16 -3532.39
2605.88 -3569.33
2599.67 -3642.74
2596.81 -3679.65
2585.19 -3703.85
2570.48 -3725.89
2539.45 -3769.46
2523.05 -3791.99
2505.95 -3814.34
2491.46 -3874.12
2486.44 -3907.57
2468.13 -3966.24
2450.74 -3989.94
2441.55 -4017.24
2430.53 -4085.47
2425.58 -4119.54
2394.14 -4169.84
2376.13 -4194.14
2357.6 -4218.11
2343.9 -4276.97
2334.97 -4340.61
2322.05 -4366.97
2284.35 -4420
2265.22 -4446.13
2245.93 -4470.72
2209.49 -4524.75
2193.48 -4560.16
2184.15 -4606.98
2176.46 -4653.51
2171.73 -4684.81
2139.27 -4734.98
2129.69 -4747.14
2081.29 -4807.57
2071.2 -4819.72
2055.25 -4844.09
2048.93 -4873.5
2038.31 -4933.73
2038.31 -4933.73
2032.94 -4964.7
2020.27 -5032.46
2013.81 -5067.25
1987.44 -5119.33
1969.7 -5140.89
1951.59 -5162.01
1913.3 -5205.65
1895.05 -5228.65
1867.82 -5298.07
2026.6 -4998.49
1809.17 -5482.42
