-662.312 1597.7
-662.312 1597.7
-662.312 1597.7
-657.052 1591.08
-649.016 1582.82
-640.589 1578.74
-635.924 1576.58
-621.354 1570.11
-615.964 1567.47
-607.981 1559.73
-607.263 1550.23
-603.884 1518.49
-600.398 1502.19
-597.371 1500.9
-589.355 1497.13
-585.197 1488.16
-569.557 1452.27
-556.701 1426.61
-550.154 1413.87
-535.549 1387.47
-528.137 1374.3
-502.263 1361.05
-483.223 1354.45
-473.591 1351.41
-464.612 1345.6
-433.679 1310.14
-412.714 1283.88
-402.009 1270.67
-380.267 1244.31
-357.852 1217.66
-338.576 1198.2
-323.789 1196.91
-315.621 1196.34
-298.876 1195.89
-290.059 1195.56
-272.141 1195.45
-263.31 1192.19
-229.357 1166.13
-205.991 1147.31
-193.296 1137.94
-180.089 1128.28
-146.91 1101.38
-129.758 1091.35
-121.892 1092.7
-105.005 1096.11
-96.0565 1097.85
-65.6164 1093.82
-38.8721 1080.44
-24.8904 1073.66
4.46128 1060.77
21.9812 1054.28
58.9067 1056.8
77.1242 1051.71
85.9441 1045.89
94.5974 1039.93
111.568 1027.59
136.934 1007.91
145.993 1000.96
164.398 986.302
175.59 978.883
215.675 952.065
243.256 933.416
252.264 926.162
256.284 916.55
256.954 911.596
257.778 901.881
258.229 896.513
258.667 885.928
262.188 885.048
267.298 885.596
283.389 885.469
294.632 883.632
300.534 882.121
312.273 877.988
318.29 875.345
336.358 864.79
348.257 855.671
354.275 850.46
365.874 838.903
371.718 832.442
388.607 809.843
393.931 801.665
404.473 784.857
414.294 766.76
423.649 748.141
432.44 729.101
436.5 719.078
444.332 698.588
443.076 691.592
433.986 679.014
429.069 672.597
418.831 660.13
418.211 626.461
418.882 612.239
420.04 582.825
420.128 567.788
419.888 521.586
419.488 506.005
418.366 474.643
417.62 458.663
412.764 433.044
392.32 409.815
377.791 394.548
372.181 384.752
367.3 371.002
351.494 338.999
336.489 326.452
328.716 320.294
312.752 307.886
304.395 301.522
278.038 282.053
259.412 268.674
249.75 261.859
230.781 246.082
211.777 218.183
193.599 184.291
175.701 149.582
166.79 132.199
148.632 97.454
119.41 52.8212
108.753 45.2899
87.234 30.5549
76.2649 23.2603
54.0692 8.69736
42.541 1.28396
23.2781 -15.0229
16.0315 -27.1977
-7.13894 -67.3819
-15.3125 -80.8941
-32.0183 -108.077
-40.6282 -121.675
-67.1547 -162.573
-85.5632 -189.972
-95.0407 -203.725
-114.368 -231.255
-123.947 -244.98
-152.976 -285.414
-172.892 -312.348
-183.389 -326.001
-205.155 -353.896
-216.199 -367.93
-249.988 -410.206
-261.431 -424.372
-292.941 -448.669
-292.941 -448.669
-325.57 -458.355
-347.874 -466.818
-360.663 -475.872
-387.992 -500.073
-401.922 -513.808
-439.193 -552.515
-449.403 -558.062
-482.238 -564.569
-504.578 -568.194
-516.028 -572.468
-543.357 -590.141
-588.796 -626.202
-604.214 -638.616
-619.654 -651.093
-647.503 -668.783
-672.194 -672.795
-697.273 -676.228
-721.674 -678.446
-733.256 -679.126
-756.972 -682.456
-802.343 -706.441
-818.63 -716.648
-831.964 -720.711
-858.392 -722.481
-871.676 -723.1
-910.726 -727.079
-940.134 -741.036
-955.609 -750.281
-986.265 -768.716
-1017.04 -787.19
-1046.04 -800.411
-1085.15 -801.139
-1106.8 -799.038
-1117.96 -797.937
-1140.49 -795.257
-1152.71 -796.172
-1201.36 -812.207
-1237.59 -827.254
-1255.79 -834.846
-1292.29 -849.984
-1347.06 -872.684
-1360.33 -874.452
-1372.61 -873.028
-1397.34 -869.419
-1409.73 -867.458
-1438.22 -859.272
-1454.3 -852.129
-1470.69 -844.487
-1479.22 -840.322
-1487.61 -836.078
-1533.26 -818.026
-1545.42 -813.058
-1557.49 -807.95
-1585.59 -804.969
-1615.51 -807.81
-1638.18 -812.997
-1649.51 -815.379
-1672.21 -819.625
-1696.08 -822.9
-1708.11 -824.311
-1720.74 -825.289
-1746.5 -826.955
-1774.05 -827.274
-1774.05 -827.274
-1796.14 -823.933
-1815.06 -804.708
-1821.52 -797.837
-1836.49 -786.029
-1849.26 -782.107
-1894.15 -773.468
-1923.66 -767.615
-1938.39 -764.568
-1968.18 -757.69
-1983.41 -753.985
-2030.31 -741.182
-2039.99 -734.461
-2054.66 -716.951
-2062 -708.004
-2085.93 -681.189
-2114.81 -664.328
-2131.27 -657.39
-2163.64 -644.212
-2172.58 -636.845
-2184.67 -618.515
-2190.73 -609.053
-2196.64 -599.469
-2222.88 -571.565
-2253.52 -552.419
-2270.57 -542.413
-2305.1 -522.401
-2349.4 -492.63
-2356.02 -482.038
-2368.91 -460.432
-2375.27 -449.452
-2380.08 -433.939
-2383.3 -418.362
-2386.03 -402.352
-2387.61 -393.822
-2390.32 -376.407
-2393.06 -366.202
-2401.77 -331.361
-2407.47 -307.06
-2410.31 -294.633
-2415.71 -269.273
-2428.76 -243.561
-2450.74 -215.761
-2462.03 -202.471
-2484.84 -175.726
-2507.62 -148.611
-2530.36 -120.734
-2553.14 -92.4657
-2564.67 -78.1503
-2587.65 -49.3364
-2610.64 -20.0138
-2633.67 9.2727
-2656.48 38.74
-2667.93 53.4849
-2679.23 68.3415
-2713.56 112.97
-2736.34 142.76
-2741.04 155.818
-2744.76 182.302
-2745.81 205.223
-2746.34 228.097
-2746.43 239.82
-2748.66 264.069
-2754 278.739
-2779.33 328.03
-2798.43 362.41
-2808 379.489
-2820.94 409.848
-2821.16 422.683
-2820.38 461.458
-2821.85 487.412
-2826.96 502.062
-2849.92 545.832
-2857.62 559.86
-2881.67 600.757
-2898.3 628.267
-2906.62 642.115
-2915.16 656.04
-2941.35 698.231
-2950.36 712.439
-2968.3 741.073
-2977.49 756.457
-2989.81 784.862
-2991.5 814.15
-2992.74 843.801
-2999.48 876.926
-3005.62 895.601
-3014.16 950.85
-3088.91 1164.11
