549.715 -117.514
549.715 -117.514
553.842 -114.184
565.979 -110.141
570.134 -109.191
587.05 -107.478
595.556 -107.867
613.367 -110.535
622.456 -112.665
631.518 -115.473
650.279 -122.895
661.828 -126.704
675.237 -130.607
703.266 -140.201
608.771 -109.765
746.587 -159.132
760.525 -163.23
784.14 -156.715
809.632 -170.364
847.243 -174.015
884.653 -180.392
899.904 -191.483
921.421 -194.093
986.548 -192.285
1022.3 -192.215
1093.08 -192.486
1128.65 -193.111
1164.31 -193.934
1200.62 -195.153
1237.1 -196.62
1311.89 -200.659
1340.57 -199.595
1383.18 -200.233
1419.79 -204.164
1484.34 -207.78
1514.21 -209.574
1544.05 -211.804
1605.86 -218.589
1637.69 -223.093
1653.67 -225.512
1702.59 -233.777
1719.3 -236.779
1786.92 -250.383
1821.31 -257.898
1891.84 -274.323
1928.06 -283.45
1973.07 -291.951
1985.88 -293.967
1653.67 -225.512
2036.78 -303.157
2089.36 -316.141
2100.95 -329.279
2109.68 -345.201
2146.06 -373.1
2175.48 -387.571
2205.26 -402.517
2265.25 -434.228
2278.26 -452.039
2299.67 -486.402
2319.13 -494.964
2338.86 -505.032
2358.51 -515.766
2378.88 -528.736
2399.08 -542.228
2429.91 -564.999
2445.35 -580.907
2453.2 -598.318
2455.29 -634.303
2458.36 -652.517
2494.12 -702.749
2514.19 -729.843
2533.95 -756.278
2570.96 -807.251
2589.24 -833.302
2600.81 -857.239
2598.75 -902.353
2596.72 -925.14
2591.97 -973.545
2592.87 -986.303
2601.79 -1018.23
2615.64 -1054.05
2645.16 -1128.16
2660.07 -1165.28
2669.18 -1197.44
2662.07 -1247.52
2657.51 -1272.55
2655.28 -1297.58
2673.64 -1363.91
2685.21 -1398.09
2708.86 -1467.18
2707.59 -1494.7
2702.75 -1521.65
2691.7 -1576.44
2694.58 -1604.5
2714.01 -1670.79
2724.37 -1703.74
2722.47 -1731.92
2716.77 -1760.37
2710.65 -1789.04
2713.85 -1817.29
2722.99 -1849.68
2742.59 -1914.24
2743.17 -1928.16
2737.64 -1956.95
2724.61 -2014.02
2717.53 -2042.65
2712.44 -2100.25
2720.31 -2131.45
2728.58 -2162.34
2745.63 -2225.51
2754.3 -2258.44
2751.55 -2286.99
2737.89 -2344.74
2730.38 -2373.52
2713.73 -2446.3
2716.24 -2461.04
2727.1 -2507.38
2738.69 -2553.03
2746.94 -2583.86
2753.24 -2643.05
2742.75 -2687.96
2739.06 -2702.87
2733.64 -2760.68
2741.3 -2791.79
2757.86 -2853.14
2755.47 -2881.56
2748.4 -2911.81
2732.97 -2971.62
2735.43 -2999.99
2742.86 -3044.6
2735.55 -3073.83
2727.26 -3103.05
2714.05 -3146.28
2712.98 -3159.79
2723.06 -3223.76
2733.61 -3270.13
2742.97 -3319.29
2735.43 -2999.99
2733.98 -3394.13
2721.25 -3437.37
2712.33 -3454.23
2702.44 -3469.42
2680.78 -3500.74
2668.9 -3517.53
2648.23 -3558.6
2643.91 -3592.88
2639.87 -3629.11
2630.37 -3705.5
2625.35 -3743.95
2620.63 -3807.95
2618.5 -3837.17
2615.95 -3866.43
2577.89 -3914.97
2569.16 -3924.79
2533.02 -3964.47
2513.84 -3984.55
2494.27 -4006.31
2474.17 -4028.13
2464.38 -4052.85
2458.1 -4080.71
2452.37 -4108.61
2441.93 -4165.4
2437.02 -4194.65
2427.46 -4255.18
2414.29 -4280.4
2394.97 -4305.76
2355.58 -4355.78
2346.72 -4382.63
2339.96 -4426.86
2338.15 -4452.36
2328.7 -4479.68
2303 -4555.91
2301.5 -4571.14
2296.19 -4632.42
2284.55 -4658.5
2267.16 -4685.23
2231.36 -4737.41
2193.82 -4791.73
2174.27 -4819.45
2147.78 -4874.26
2144.49 -4903.21
2141.61 -4932.24
2119.12 -5001.21
2110.07 -5015.16
2095.15 -5080.18
2088.04 -5117.94
1979.44 -5341.75
